1 28 18
1 28 21
1 28 22
1 28 23
1 28 24
1 28 25
1 28 27
1 28 28
1 28 31
1 28 32
1 28 33
1 28 34
1 28 36
1 28 37
1 28 38
1 28 39
1 28 40
1 28 44
1 28 46
1 28 47
1 28 48
1 28 49
1 28 50
1 28 51
1 28 52
1 28 54
1 28 63
1 28 65
1 28 66
1 28 70
1 28 72
1 28 73
1 28 75
1 28 77
1 28 78
1 28 110
1 28 111
1 28 384
1 28 385
1 28 387
1 28 389
1 28 390
1 28 391
1 28 398
1 28 428
1 28 429
1 28 430
1 28 433
1 28 434
1 28 466
1 28 488
1 28 492
1 28 772
1 28 773
1 28 774
1 28 787
1 28 808
1 28 809
1 28 810
1 28 811
1 28 812
1 28 813
1 28 814
1 28 816
1 28 817
1 28 818
1 28 824
1 28 825
1 28 826
1 28 828
1 28 829
1 28 830
1 28 831
1 28 859
1 28 862
1 28 956
1 28 959
1 28 976
1 28 978
1 28 979
1 28 980
1 28 981
1 28 989
1 28 991
1 28 1007
1 28 1015
1 28 1016
1 28 1020
1 29 16
1 29 18
1 29 22
1 29 25
1 29 28
1 29 31
1 29 34
1 29 35
1 29 36
1 29 37
1 29 39
1 29 40
1 29 41
1 29 42
1 29 44
1 29 45
1 29 46
1 29 47
1 29 48
1 29 51
1 29 52
1 29 56
1 29 57
1 29 60
1 29 64
1 29 65
1 29 66
1 29 67
1 29 68
1 29 70
1 29 71
1 29 72
1 29 73
1 29 75
1 29 76
1 29 77
1 29 78
1 29 95
1 29 110
1 29 111
1 29 384
1 29 385
1 29 386
1 29 388
1 29 390
1 29 391
1 29 393
1 29 427
1 29 428
1 29 431
1 29 432
1 29 433
1 29 463
1 29 699
1 29 771
1 29 772
1 29 775
1 29 789
1 29 808
1 29 809
1 29 810
1 29 811
1 29 812
1 29 815
1 29 816
1 29 817
1 29 818
1 29 823
1 29 824
1 29 825
1 29 826
1 29 828
1 29 829
1 29 833
1 29 836
1 29 839
1 29 841
1 29 844
1 29 847
1 29 857
1 29 858
1 29 860
1 29 861
1 29 863
1 29 868
1 29 873
1 29 876
1 29 879
1 29 884
1 29 889
1 29 892
1 29 895
1 29 900
1 29 905
1 29 908
1 29 911
1 29 916
1 29 921
1 29 924
1 29 927
1 29 932
1 29 937
1 29 940
1 29 943
1 29 953
1 29 964
1 29 969
1 29 972
1 29 975
1 29 977
1 29 980
1 29 981
1 29 987
1 29 990
1 29 991
1 29 1007
1 29 1013
1 29 1018
0 28 1014
0 29 1014
0 29 1015
